0
2
6
8
10
12
16
34
34
38
38
38
38
38
38
42
44
46
48
66
66
66
66
66
66
68
70
72
76
78
80
86
88
90
92
96
98
100
102
120
120
120
120
120
120
122
124
126
144
144
144
144
144
144
146
164
164
164
164
164
164
166
168
170
172
174
178
181
182
184
188
190
208
208
208
208
208
208
210
212
214
216
218
222
224
226
244
246
246
246
246
246
248
250
252
254
258
260
262
264
268
270
272
274
294
296
298
298
298
298
298
300
302
306
308
326
326
326
326
326
326
340
340
340
340
340
342
344
346
348
352
354
356
358
360
365
366
368
370
374
376
378
380
384
386
388
390
394
396
398
400
402
406
408
410
412
433
433
436
436
436
444
446
446
446
456
456
456
456
458
476
476
476
476
476
476
476
478
498
498
498
498
498
498
498
500
504
506
508
510
512
516
518
520
522
526
528
546
546
550
550
550
550
550
568
568
568
568
568
568
568
570
574
576
578
580
584
586
588
590
592
596
598
600
602
606
608
610
612
616
618
620
622
624
628
630
632
634
638
640
642
644
664
664
664
664
664
664
664
666
668
672
674
676
694
694
694
694
694
706
706
706
706
706
724
724
724
724
724
724
724
726
746
748
748
748
748
748
750
768
768
768
776
778
780
782
782
790
790
790
792
794
796
798
816
816
816
816
816
816
818
820
822
826
828
830
832
836
838
840
842
846
848
850
852
854
858
860
862
864
868
870
872
874
878
880
882
884
886
906
906
906
906
906
906
906
908
912
914
916
918
922
924
926
928
930
934
936
938
956
956
956
956
956
956
974
974
974
974
974
974
974
976
980
982
984
986
990
992
994
996
998
1017
1020
1020
1020
1020
1020
1020
1022
1026
1028
1046
1046
1046
1046
1056
1056
1056
1056
1056
1056
1058
1062
1064
1066
1068
1070
1074
1076
1094
1094
1094
1094
1094
1094
1096
1098
1100
1102
1120
1120
1126
1128
1128
1128
1128
1140
1140
1140
1140
1140
1142
1146
1148
1150
1152
1154
1158
1160
1178
1178
1178
1178
1178
1178
1180
1182
1200
1200
1200
1200
1200
1200
1200
1204
1206
1208
1210
1214
1216
1218
1220
1222
1226
1228
1246
1246
1252
1252
1252
1252
1252
1252
1270
1270
1270
1270
1270
1270
1270
1290
1292
1294
1294
1294
1294
1312
1312
1312
1312
1322
1322
1322
1322
1322
1322
1324
1344
1346
1348
1348
1352
1352
1352
1354
1356
1360
1362
1364
1366
1384
1388
1388
1388
1388
1388
1388
1390
1392
1396
1414
1416
1416
1416
1416
1416
1416
1420
1422
1424
1442
1444
1446
1446
1446
1446
1448
1450
1452
1454
1458
1460
1462
1464
1466
1470
1472
1474
1476
1480
1482
1484
1486
1490
1492
1494
1496
1500
1502
1504
1506
1508
1512
1514
1516
1518
1522
1524
1526
1528
1532
1534
1536
1538
1542
1544
1546
1548
1550
1554
1556
1558
1560
1564
1566
1568
1570
1574
1576
1578
1580
1582
1602
1602
1602
1602
1602
1602
1602
1604
1608
1626
1628
1628
1628
1628
1628
1628
1630
1634
1636
1638
1656
1658
1658
1658
1658
1658
1660
1662
1664
1666
1670
1672
1674
1676
1680
1682
1684
1686
1690
1692
1694
1696
1698
1702
1704
1706
1708
1712
1730
1730
1730
1730
1730
1742
1744
1744
1744
1744
1756
1756
1756
1756
1756
1758
1763
1764
1766
1768
1770
1774
1776
1778
1780
1784
1786
1788
1790
1794
1796
1798
1800
1802
1806
1808
1810
1812
1832
1834
1836
1838
1838
1838
1838
1840
1842
1846
1848
1850
1852
1872
1872
1872
1872
1872
1872
1874
1876
1880
1882
1884
1886
1888
1892
1894
1896
1898
1902
1904
1906
1908
1912
1914
1916
1918
1920
1924
1926
1928
1930
1934
1952
1952
1952
1952
1952
1952
1952
1954
1958
1960
1962
1980
1980
1980
1980
1980
1980
1982
1984
1986
1988
1992
1994
1996
1998
2002
2004
2006
2008
2012
2014
2032
2034
2034
2034
2034
2034
2034
2038
2040
2058
2058
2058
2058
2058
2058
2060
2062
2064
2066
2068
2088
2088
2088
2088
2088
2088
2088
2090
2094
2096
2098
2100
2102
2106
2108
2110
2128
2128
2128
2128
2128
2128
2130
2132
2134
2136
2140
2142
2160
2160
2160
2160
2160
2160
2162
2180
2182
2184
2186
2190
2190
2190
2190
2194
2196
2198
2200
2204
2206
2208
2210
2212
2216
2218
2220
2222
2226
2228
2230
2232
2236
2238
2256
2258
2260
2260
2260
2260
2260
2264
2266
2268
2270
2274
2292
2292
2292
2292
2292
2292
2292
2294
2298
2300
2302
2304
2308
2310
2312
2314
2318
2337
2337
2338
2342
2344
2346
2348
2352
2354
2356
2358
2360
2364
2366
2368
2370
2374
2376
2378
2380
2384
2386
2388
2406
2408
2408
2408
2408
2408
2410
2412
2414
2416
2420
2422
2424
2426
2444
2444
2444
2444
2444
2444
2462
2462
2466
2466
2472
2472
2472
2472
2472
2474
2476
2478
2482
2484
2486
2488
2492
2494
2496
2514
2514
2514
2514
2514
2514
2528
2528
2528
2528
2528
2547
2547
2547
2547
2547
2558
2558
2558
2566
2566
2566
2566
2566
2568
2570
2573
2576
2578
2580
2582
2584
2588
2590
2592
2594
2598
2600
2602
2604
2608
2610
2612
2630
2632
2632
2632
2632
2632
2634
2636
2638
2640
2644
2646
2648
2650
2654
2656
2658
2660
2662
2666
2668
2670
2672
2676
2678
2680
2698
2698
2698
2698
2698
2698
2700
2702
2704
2706
2710
2712
2714
2716
2720
2722
2724
2726
2728
2732
2734
2736
2738
2742
2760
2760
2760
2760
2760
2760
2760
2762
2766
2768
2770
2772
2776
2778
2780
2782
2786
2788
2790
2792
2796
2798
2800
2818
2818
2822
2822
2822
2822
2822
2840
2842
2842
2842
2842
2842
2842
2844
2848
2850
2852
2854
2858
2860
2878
2880
2884
2884
2884
2884
2892
2892
2892
2894
2896
2900
2918
2920
2922
2922
2922
2922
2922
2924
2944
2946
2946
2946
2952
2952
2952
2952
2954
2956
2958
2960
2962
2966
2968
2970
2972
2976
2978
2980
2982
3002
3004
3004
3004
3004
3004
3004
3006
3008
3012
3014
3016
3018
3022
3024
3026
3028
3032
3034
3036
3038
3040
3044
3046
3048
3050
3068
3068
3068
3068
3068
3068
3070
3072
3074
3092
3092
3092
3092
3092
3092
3094
3096
3100
3102
3104
3122
3122
3128
3128
3128
3128
3128
3128
3130
3132
3136
3138
3140
3158
3158
3164
3164
3164
3170
3170
3178
3182
3182
3182
3182
3182
3186
3188
3192
3210
3210
3210
3210
3224
3224
3224
3224
3242
3242
3242
3242
3256
3262
3264
3266
3274
3286
3288
3294
3296
3298
3300
3318
3320
3324
3326
3328
3332
3338
3350
3352
3358
3360
3362
3364
3382
3384
3388
3390
3392
3392
3402
3410
3412
3416
3420
3422
3424
3434
3434
3434
3434
3454
3456
3458
3460
3462
3466
3486
3488
3488
3490
3490
3496
3498
3510
3516
3518
3520
3522
3528
3540
3542
3546
3550
3552
3554
3560
3560
3562
3564
3582
3582
3588
3590
3592
3594
3600
3600
3602
3604
3608
3610
3612
3616
3618
3620
3624
3626
3630
3634
3636
3640
3644
3648
3652
3654
3656
3662
3666
3670
3674
3680
3700
3700
3700
3704
3712
3718
3724
3734
3738
3746
3752
3756
3762
3766
3770
3774
3778
3782
3786
3788
3792
3796
3800
3804
3808
3812
3814
3818
3822
3824
3828
3832
3834
3836
3840
3842
3844
3848
3852
3856
3858
3862
3864
3868
3870
3872
3876
3880
3884
3888
3892
3896
3900
3904
3908
3914
3920
3924
3928
3932
3952
3952
3952
3952
3952
3954
3958
3962
3966
3970
3976
3980
3986
3994
3998
4002
4008
4014
4020
4028
4034
4044
4054
4062
4070
4078
4092
4098
4106
4110
4118
4124
4130
4134
4138
4140
4146
4149
4152
4156
4160
4166
4172
4176
4184
4192
4200
4218
4218
4226
4234
4240
4246
4252
4256
4260
4266
4270
4274
4278
4284
4288
4292
4298
4304
4310
4316
4320
4324
4328
4334
4336
4340
4344
4348
4368
4368
4368
4368
4370
4372
4374
4378
4380
4398
4398
4398
4398
4410
4412
4412
4412
4412
4412
4432
4434
4436
4438
4440
4440
4440
4442
4446
4448
4450
4452
4454
4458
4460
4463
4466
4468
4470
4474
4476
4478
4482
4484
4486
4488
4492
4494
4496
4498
4502
4504
4506
4508
4510
4514
4516
4520
4522
4524
4528
4530
4532
4534
4538
4540
4542
4544
4548
4550
4552
4554
4558
4560
4562
4566
4568
4570
4574
4576
4578
4580
4584
4586
4588
4590
4594
4596
4598
4600
4604
4606
4608
4610
4614
4616
4618
4620
4622
4626
4628
4630
4632
4636
4638
4640
4642
4646
4648
4650
4652
4654
4658
4660
4678
4680
4682
4682
4682
4682
4684
4686
4688
4692
4694
4696
4700
4718
4718
4718
4718
4718
4718
4718
4722
4724
4726
4730
4732
4734
4738
4742
4744
4748
4750
4752
4754
4758
4776
4776
4776
4776
4776
4776
4778
4780
4782
4786
4788
4790
4792
4796
4798
4800
4802
4806
4808
4810
4812
4814
4818
4820
4822
4824
4828
4830
4832
4834
4838
4840
4842
4844
4848
4850
4852
4854
4856
4860
4862
4864
4866
4870
4872
4874
4876
4880
4882
4884
4886
4888
4892
4894
4896
4898
4902
4904
4906
4908
4912
4914
4916
4918
4920
4924
4926
4928
4932
4934
4936
4940
4942
4946
4948
4950
4952
4972
4972
4976
4978
4978
4978
4980
4982
4984
4986
4990
5008
5010
5012
5012
5012
5012
5012
5014
5018
5020
5024
5026
5028
5032
5036
5038
5040
5042
5046
5048
5050
5055
5058
5059
5062
5064
5066
5068
5072
5074
5076
5078
5082
5084
5086
5088
5092
5094
5096
5100
5102
5104
5108
5110
5114
5132
5132
5132
5132
5142
5142
5142
5142
5142
5144
5148
5152
5154
5158
5178
5178
5178
5178
5182
5186
5188
5192
5196
5198
5202
5204
5206
5210
5212
5214
5218
5220
5222
5240
5240
5240
5240
5240
5254
5254
5254
5254
5254
5256
5258
5260
5262
5266
5268
5270
5272
5276
5278
5280
5282
5284
5288
5306
5306
5306
5306
5306
5306
5306
5310
5312
5314
5316
5320
5322
5324
5328
5330
5332
5336
5338
5340
5342
5346
5348
5350
5352
5356
5358
5360
5362
5364
5384
5386
5386
5386
5386
5386
5388
5390
5394
5396
5398
5400
5404
5406
5408
5410
5414
5416
5418
5420
5438
5442
5442
5442
5442
5442
5444
5446
5450
5452
5454
5458
5460
5464
5466
5470
5472
5474
5476
5480
5482
5484
5488
5490
5492
5496
5498
5500
5502
5506
5508
5526
5526
5526
5526
5526
5538
5540
5540
5540
5550
5550
5558
5558
5558
5558
5572
5572
5572
5572
5572
5572
5576
5578
5580
5584
5586
5588
5590
5608
5608
5614
5616
5618
5622
5626
5628
5646
5648
5648
5648
5648
5648
5648
5667
5670
5672
5674
5678
5680
5684
5698
5702
5702
5702
5702
5706
5724
5725
5727
5729
5731
5735
5737
5739
5742
5745
5747
5749
5767
5772
5774
5776
5777
5780
5798
5800
5802
5806
5808
5808
5808
5826
5830
5832
5834
5836
5836
5854
5856
5856
5856
5856
5866
5868
5868
5868
5868
5886
5888
5888
5888
5888
5888
5906
5908
5908
5912
5916
5918
5920
5920
5940
5946
5946
5946
5946
5946
5946
5946
5950
5952
5954
5956
5958
5962
5964
5966
5984
5984
5984
5992
5994
5998
5998
5998
5998
6018
6018
6018
6018
6018
6018
6020
6022
6024
6028
6030
6032
6050
6054
6054
6054
6054
6054
6072
6074
6076
6076
6076
6076
6076
6078
6082
6100
6102
6104
6108
6110
6112
6114
6134
6136
6136
6136
6136
6136
6140
6142
6144
6146
6164
6164
6164
6164
6176
6176
6176
6176
6176
6176
6194
6196
6198
6202
6202
6206
6208
6226
6228
6230
6232
6234
6234
6234
6236
6240
6242
6246
6248
6250
6254
6258
6260
6264
6268
6272
6276
6280
6286
6290
6296
6302
6310
6314
6320
6326
6330
6334
6338
6342
6346
6348
6352
6354
6358
6362
6366
6370
6374
6378
6382
6384
6388
6392
6394
6396
6400
6402
6406
6408
6410
6414
6418
6420
6424
6428
6430
6434
6436
6438
6442
6446
6448
6452
6456
6460
6465
6468
6472
6478
6484
6490
6498
6504
6514
6521
6522
6528
6536
6544
6551
6552
6564
6572
6576
6592
6593
6605
6607
6618
6621
6630
6631
6640
6640
6650
6658
6662
6664
6666
6667
6670
6672
6676
6680
6686
6690
6691
6692
6692
6697
6700
6706
6708
6712
6718
6720
6728
6732
6742
6744
6756
6763
6772
6782
6789
6808
6810
6829
6840
6844
6862
6870
6886
6903
6946
6967
6978
6996
7014
7018
7032
7046
7050
7064
7088
7106
7116
7116
7117
7117
7124
7126
7136
7138
7143
7150
7151
7164
7168
7176
7190
7193
7200
7201
7206
7225
7226
7226
7227
7235
7240
7246
7248
7255
7262
7266
7266
7272
7292
7300
7303
7303
7303
7316
7320
7320
7323
7328
7330
7350
7368
7369
7369
7369
7374
7378
7380
7387
7392
7396
7399
7402
7404
7409
7417
7422
7424
7430
7441
7454
7456
7460
7460
7476
7478
7478
7488
7490
7497
7504
7507
7510
7512
7520
7528
7533
7544
7544
7554
7554
7569
7574
7590
7598
7604
7616
7616
7622
7624
7630
7638
7648
7648
7650
7662
7664
7670
7680
7680
7692
7700
7714
7748
7750
7752
7776
7780
7782
7786
7794
7806
7808
7812
7818
7820
7822
7833
7834
7838
7850
7858
7864
7870
7876
7876
7882
7886
7894
7898
7905
7908
7912
7935
7944
7954
7960
7982
7984
7988
7996
8026
8032
8046
8072
8076
8086
8124
8136
8144
8156
8172
8174
8184
8191
8199
8204
8211
8212
8222
8224
8231
8237
8248
8256
8280
8284
8298
8300
8304
8314
8326
8328
8333
8336
8342
8350
8354
8366
8368
8378
8384
8385
8402
8412
8416
8420
8434
8434
8440
8442
8452
8455
8462
8462
8468
8471
8472
8480
8484
8496
8500
8529
8530
8540
8542
8547
8552
8552
8570
8580
8584
8589
8596
8596
8606
8616
8616
8622
8626
8628
8638
8642
8646
8650
8662
8680
8682
8694
8696
8700
8710
8716
8720
8722
8728
8734
8736
8748
8752
8759
8766
8774
8780
8790
8800
8802
8804
8806
8820
8824
8825
8830
8834
8836
8847
8850
8850
8868
8876
8884
8886
8900
8906
8920
8920
8922
8928
8938
8946
8946
8950
8966
8967
8978
8993
8997
8997
9002
9010
9018
9024
9030
9034
9044
9052
9062
9072
9074
9088
9094
9102
9108
9108
9124
9126
9134
9138
9141
9142
9162
9170
9172
9176
9180
9188
9192
9192
9206
9208
9226
9228
9240
9246
9252
9270
9272
9276
9286
9297
9299
9300
9308
9308
9318
9324
9329
9334
9338
9352
9356
9364
9370
9387
9392
9400
9404
9426
9434
9437
9438
9449
9450
9462
9464
9466
9491
9500
9502
9502
9508
9516
9522
9524
9536
9536
9550
9552
9566
9588
9596
9602
9608
9638
9638
9644
9655
9656
9666
9684
9684
9684
9692
9694
9700
9702
9704
9714
9718
9726
9732
9744
9746
9752
9754
9758
9760
9772
9772
9774
9802
9804
9812
9814
9830
9837
9850
9860
9860
9868
9872
9875
9875
9886
9886
9888
9890
9897
9906
9916
9920
9920
9926
9932
9940
9940
9950
9951
9952
9968
9976
9984
9988
10010
10016
10020
10026
10038
10044
10050
10052
10058
10063
10068
10070
10084
10088
10120
10124
10127
10136
10170
10170
10182
10190
10190
10200
10206
10210
10211
10222
10228
10236
10248
10252
10257
10268
10280
10280
10294
10302
10318
10348
10350
10358
10374
10378
10381
10382
10389
10404
10411
10416
10418
10426
10430
10442
10455
10460
10476
10480
10489
10500
10510
10511
10520
10520
10527
10532
10546
10547
10554
10565
10574
10580
10585
10588
10592
10610
10610
10611
10632
10646
10648
10651
10654
10656
10665
10665
10668
10676
10684
10685
10695
10707
10708
10717
10718
10725
10738
10743
10747
10747
10759
10765
10773
10775
10787
10788
10801
10814
10814
10821
10844
10852
10862
10866
10879
10888
10891
10900
10902
10908
10915
10918
10920
10937
10938
10948
10948
10959
10973
10994
10996
11004
11004
11005
11019
11026
11028
11034
11042
11050
11051
11063
11078
11087
11087
11093
11098
11100
11123
11123
11123
11133
11134
11140
11167
11168
11169
11199
11203
11204
11209
11224
11232
11247
11259
11262
11263
11264
11265
11276
11303
11308
11310
11316
11318
11335
11343
11355
11368
11376
11377
11385
11390
11391
11395
11405
11411
11416
11419
11421
11426
11433
11447
11475
11475
11475
11477
11483
11489
11495
11503
11504
11504
11505
11509
11518
11525
11531
11537
11557
11559
11559
11565
11566
11566
11571
11573
11579
11591
11601
11616
11623
11623
11628
11632
11644
11645
11651
11661
11663
11677
11694
11696
11699
11700
11724
11724
11736
11746
11747
11754
11765
11771
11778
11806
11810
11813
11827
11830
11843
11846
11848
11860
11865
11870
11872
11887
11894
11914
11914
11928
11942
11942
11962
11963
11966
11972
11978
11996
12002
12022
12059
12060
12076
12080
12114
12132
12152
12152
12184
12190
12190
12190
12198
12214
12224
12238
12250
12253
12259
12268
12268
12278
12288
12318
12324
12330
12348
12350
12366
12372
12388
12390
12398
12420
12426
12433
12438
12442
12454
12468
12471
12484
12502
12512
12515
12518
12536
12542
12547
12559
12564
12572
12588
12600
12601
12606
12610
12618
12628
12639
12648
12658
12669
12684
12689
12694
12696
12709
12713
12714
12721
12729
12730
12734
12747
12750
12754
12765
12777
12778
12781
12784
12792
12797
12804
12813
12826
12828
12838
12851
12858
12863
12874
12878
12878
12885
